1 2
2 5
3 1
4 1
5 3
6 2
7 5
8 5
9 5
10 4
11 2
12 5
13 2
14 1
15 3
16 2
17 2
18 5
19 3
20 3
21 5
22 4
23 5
24 5
25 5
26 4
27 5
28 3
29 5
30 3
31 1
32 5
33 2
34 3
35 4
36 5
37 2
38 2
39 2
40 5
41 5
42 4
43 2
44 2
45 1
46 1
47 3
48 2
49 4
50 5
51 5
52 3
53 2
54 4
55 3
56 5
57 5
58 5
59 5
60 5
61 2
62 2
63 5
64 3
65 1
66 3
67 1
68 5
69 4
70 2
71 5
72 5
73 3
74 2
75 4
76 5
77 1
78 4
79 3
80 3
81 2
82 4
83 4
84 3
85 3
86 3
87 5
88 5
89 5
90 4
91 4
92 5
93 5
94 4
95 4
96 2
97 5
98 5
99 4
100 3
101 3
102 1
103 2
104 2
105 3
106 2
107 2
108 5
109 5
110 3
111 2
112 1
113 3
114 2
115 5
116 3
117 4
118 5
119 3
120 4
121 4
122 1
123 2
124 3
125 4
126 2
127 2
128 4
129 1
130 5
131 1
132 4
133 4
134 3
135 4
136 2
137 1
138 5
139 4
140 5
141 3
142 5
143 3
144 5
145 2
146 2
147 3
148 4
149 3
150 4
151 5
152 5
153 5
154 2
155 5
156 3
157 2
158 4
159 1
160 2
161 2
162 2
163 2
164 5
165 4
166 3
167 5
168 1
169 5
170 4
171 1
172 2
173 2
174 5
175 3
176 3
177 2
178 3
179 4
180 3
181 4
182 5
183 5
184 3
185 3
186 5
187 2
188 1
189 5
190 5
191 5
192 5
193 2
194 1
195 2
196 2
197 3
198 5
199 4
200 4
